CV_IMF1	CV_IMF2	CV_IMF3	CV_IMF4	CV_IMF5	FI_IMF1	FI_IMF2	FI_IMF3	FI_IMF4	FI_IMF5	SK_IMF1	SK_IMF2	SK_IMF3	SK_IMF4	SK_IMF5	KU_IMF1	KU_IMF2	KU_IMF3	KU_IMF4	KU_IMF5
9.179958131	-293.3939229	-250833.7611	-34125.60422	-9372.834949	1.624712343	0.454270433	0.068414307	0.026660215	0.010508052	-0.222586121	-0.029175635	0.255985607	0.496557857	1.061101262	2.258219736	2.401025793	3.501249042	3.745766026	6.079500196
439.9171026	-3176.723727	-22346.13834	-3921.508032	-91262.13792	1.795715009	0.380107884	0.066566969	0.026645983	0.00786248	0.031468923	-0.000339614	0.188000356	0.011156294	-0.097538423	2.10034095	2.333814444	2.863082904	2.507799943	2.094273327
16.18553382	-2693.026027	-12042.86543	-12861.34435	-1091637167	1.584947689	0.45202424	0.081185094	0.027115108	0.008891417	-0.264721333	-0.027211103	-0.234781241	0.222109709	0.045541869	2.403527059	2.516279131	3.400285559	3.743208666	1.978074201
29.68338081	-51230.95997	-10061.32963	-2520.874182	-40710.84684	1.732352845	0.450553332	0.070309988	0.021752744	0.005185728	-0.13923764	0.046149535	-0.023084408	-0.128932689	0.016696589	2.171341884	2.369437012	3.599581324	2.935490967	2.834915904
202.6178675	-1563.083064	-27660.10828	-107258.1658	-14206.67914	1.771042284	0.368515607	0.071656242	0.024274058	0.00562811	-0.093935535	-0.035272243	-0.431327471	-0.059918626	0.120009667	2.208218757	2.244566848	4.833915389	3.037845361	2.734745514
13.87049949	-3170.14223	-94555.72838	-9985.558961	-195498.3173	1.607096426	0.473011467	0.076346419	0.025228371	0.007686983	-0.189507228	0.009478961	0.006282906	0.020487869	0.032677722	2.318018157	2.306351015	3.023141825	2.371177552	1.709180714
1478.604558	-4434.473207	-709282.6641	-12548.75149	-217757.9808	1.814798168	0.36364336	0.070940388	0.021563404	0.005099176	0.007403456	-0.050768735	-0.078339735	-0.309495715	0.150895064	2.192590041	2.436352793	3.551685708	2.912060026	2.496840818
26.4441584	-300.2245999	-6923.598667	-3959.862352	-139999.7951	1.55054718	0.44667642	0.07700774	0.029815984	0.007217697	-0.122060938	-0.102259295	-0.18634747	-0.041859001	0.177897214	2.160516846	2.314382419	3.890402146	2.664064043	2.449434697
36.86166822	-1478.957988	-755773.9493	-27100.05351	-648189.7926	1.778739758	0.465236006	0.073559874	0.024702021	0.007556411	-0.193246355	-0.023665086	0.105591992	0.158547434	0.133163697	2.196160652	3.293069161	3.550434643	3.151632597	4.845798252
13206.99786	-427.8868251	-38368.60185	-230131.9233	-19349263	1.713922912	0.421985457	0.074893477	0.031305869	0.005614322	-0.002909493	-0.083772091	-0.093581582	-0.166579013	0.065195211	2.036298929	2.309420035	3.180950335	3.196760754	2.803351009
10.92431681	-716.6029908	-8089.824349	-128293.7743	-54801.02279	1.587032705	0.563204251	0.080887793	0.020619148	0.010510374	-0.296813156	-0.054141641	-0.239501597	-0.117311294	-0.024253826	2.521787835	2.423424227	3.80541785	2.950726404	2.380227117
17375.29125	-2914.069983	-289552.0237	-3345.715778	-537190.4512	1.79271552	0.323761454	0.053968101	0.023921468	0.00500898	-0.062049105	-0.001505469	0.096937504	0.009762058	0.309504564	2.153092024	2.755004409	3.163819658	3.32956709	2.649091336
155.4205687	-341.9320476	-5262144.274	-7421.482571	-3630970.078	1.551772998	0.511581275	0.077395588	0.028609685	0.006684295	-0.134958711	0.002750436	-0.009859554	0.014102347	-0.128959697	2.332079424	2.293647991	3.108476222	2.529831435	2.481331175
43.6296573	-14.66584487	-33868.21788	-14286.53172	-185470.3311	1.751999262	0.553057509	0.067538891	0.028353939	0.007227255	-0.187494152	0.039759204	-0.057619903	-0.008366269	0.123177824	2.116493313	2.520420396	2.953774287	2.231815301	2.313702436
5372.341514	-449.2168476	-2982.782964	-50479.90759	-32128350587	1.698413157	0.415665312	0.056681417	0.027507349	0.005252654	-0.009216965	-0.066754305	-0.697568683	-0.074686872	-0.089371318	2.116489621	2.161933934	5.305220944	2.280549393	2.336565986
16.73301125	-45415.59968	-4411.54443	-7014.759707	-12385.48365	1.57646299	0.519312825	0.085454298	0.025061438	0.009606608	-0.197377013	-0.032990988	-0.381546136	-0.20161378	0.286330077	2.507357014	2.360479154	3.533001753	3.240158519	2.784961517
2980.772226	-10259.80568	-4661.226626	-46127.80998	-17850.42355	1.781433631	0.379953671	0.064660471	0.028102343	0.005118485	-0.001399395	0.01853327	-0.538987291	-0.027824739	-0.004670525	2.149573554	2.397943214	4.754017577	1.978025821	2.386795098
31.71281461	-25103.41424	-10385.41942	-185805.0417	2.933712722	1.579911207	0.4757147	0.082316205	0.030411787	0.012914649	-0.222251989	-0.023547854	0.130283756	-0.096576196	-2.817775389	2.493799848	2.375952191	3.120361999	2.493861616	9.721874116
0.005129086	0.08043509	4.647793046	6.23690032	0.317313243	442.5198305	306.3029511	2.197843412	1.267675266	0.474907326	1.03E-05	0.036834946	2.08564669	0.850576929	-0.098405732	2.397656439	2.182447968	22.05045726	11.49936214	5.142952024
0.009269254	0.034580367	0.268896	0.489894528	339.4925512	237.8490472	167.4618565	1.340876122	0.942301594	0.597517093	-0.242588	-0.073980321	1.817227958	-1.242323094	-0.542028308	3.80862959	3.529769531	14.2853238	8.639090168	4.830565618
0.448118084	0.009578214	0.017291902	0.056738074	22.7012388	89.0316443	63.98745374	33.02114782	23.35268447	0.295834521	-0.41182413	0.959103828	0.111219665	-0.086639198	-0.621444613	13.63459238	5.001103401	2.908705522	2.062503928	7.399598229
2.67676816	0.022403848	0.068049217	0.112234768	0.662980425	43.27049895	31.69120807	17.97213796	11.81229227	1.008049752	-0.513500875	0.117287164	-1.254230612	0.277704776	0.409297386	28.42837292	8.466550767	10.66430213	3.885627769	6.934025257
0.028909174	0.08503407	0.035519577	4.611105126	2.847017661	140.4350972	87.96003454	53.0670561	2.170798548	0.441028656	-0.019778392	0.171891762	-0.027777996	0.877547888	0.434730422	7.000423194	3.24259335	2.388266921	6.76890283	5.098016279
0.107876477	0.04978484	0.065328888	34.36947168	2011.009989	78.11682628	49.86977358	30.39144671	3.061916586	0.23713814	0.183733112	-0.118206453	0.098389956	0.249354719	-0.311522003	12.68441741	5.231123261	4.415346166	12.40656389	8.7320306
0.01648635	0.032420869	2.05928334	8.120687655	4.647971416	209.606132	93.29547889	74.31932277	2.797928034	1.016171622	-0.145621481	-0.589690301	0.019253333	0.838701141	0.700331391	4.73805033	3.517768766	2.44221382	8.708205748	3.541936476
18.74054946	1.394857687	83.79801894	0.799663811	11.01873328	133.4639908	62.41604812	48.20235129	2.429545324	1.002828631	-0.657880352	3.135287621	0.317180183	0.73170577	0.687323628	8.451716525	24.01173489	4.68000908	8.397040836	4.619104966
0.011724124	0.035051468	0.121466746	0.57207252	1.763159726	239.9072074	129.7237498	49.44387767	7.283468349	0.765817961	-0.078695462	0.486478596	-0.066972754	0.040612977	0.601587762	3.922349224	3.93694741	2.52491147	2.394320449	4.995614132
0.120376361	0.045473645	3.959509378	6.700984708	25.35691772	175.9835966	96.08337619	36.29362271	5.997540623	0.649080456	-0.288511274	0.653129841	-0.037462528	0.239144585	0.297411629	5.904491824	4.919956626	3.041150007	3.217572423	5.351050566
0.003213868	2.246337747	1.411382005	2.218052093	3.17912531	286.1919273	145.5927454	10.25067688	5.628032501	0.568364737	0.032814481	0.032170873	0.002465574	0.199295214	0.234860084	3.901951603	2.887185158	5.163128025	2.870891003	6.427709641
0.004519713	0.633624506	3.910177667	5.426702747	1.593910369	235.1303524	119.7534858	7.433036706	4.481042729	0.201573157	0.076228407	0.044197096	-0.434809747	-0.017515369	0.671482817	4.591391613	3.344175312	3.878296133	2.886146853	4.36049997
